ts_0	elapsed_0	pkg_0	pp0_0	dram_0	freq_ratio_0_0	c0_ratio_0_0	freq_ratio_0_1	c0_ratio_0_1	freq_ratio_0_2	c0_ratio_0_2	freq_ratio_0_3	c0_ratio_0_3	freq_ratio_0_4	c0_ratio_0_4	freq_ratio_0_5	c0_ratio_0_5	freq_ratio_0_6	c0_ratio_0_6	freq_ratio_0_7	c0_ratio_0_7	ts_1	elapsed_1	pkg_1	pp0_1	dram_1	freq_ratio_1_0	c0_ratio_1_0	freq_ratio_1_1	c0_ratio_1_1	freq_ratio_1_2	c0_ratio_1_2	freq_ratio_1_3	c0_ratio_1_3	freq_ratio_1_4	c0_ratio_1_4	freq_ratio_1_5	c0_ratio_1_5	freq_ratio_1_6	c0_ratio_1_6	freq_ratio_1_7	c0_ratio_1_7	
1348695617.243950	1.000540	45.818473	32.604875	2.237866	1.230925	0.991015	1.230923	0.990958	1.190239	0.008188	1.212900	0.000055	1.117461	0.000007	1.122823	0.000007	1.126289	0.000007	1.127756	0.000007	1348695617.244119	1.000501	17.856473	4.643716	1.583771	0.460374	0.000897	0.458993	0.000269	0.460696	0.000757	0.462723	0.000382	0.456191	0.000018	0.463256	0.000018	0.458521	0.000018	0.462636	0.000018	
1348695618.243934	0.999984	47.704665	34.473588	2.351386	1.268225	0.989436	1.268225	0.989420	1.230738	0.007864	1.222616	0.000042	1.224708	0.000048	1.230912	0.000034	1.231331	0.000027	1.229472	0.000026	1348695618.244092	0.999973	17.742711	4.519043	1.576611	0.462470	0.000908	0.461478	0.000090	0.466231	0.000132	0.458704	0.000245	0.462121	0.000253	0.469117	0.000091	0.462005	0.000058	0.461221	0.000064	
1348695619.243934	1.000000	47.743637	34.507233	2.251831	1.268238	0.989546	1.268238	0.989546	1.230780	0.007445	1.230574	0.000048	1.231193	0.000006	1.229666	0.000006	1.230689	0.000006	1.231235	0.000006	1348695619.244099	1.000007	17.726867	4.507140	1.578435	0.460584	0.000842	0.460984	0.000239	0.456229	0.000122	0.463669	0.000317	0.459970	0.000018	0.457402	0.000166	0.461504	0.000204	0.478143	0.000040	
1348695620.243933	0.999999	47.792557	34.557238	2.195543	1.267569	0.989753	1.267569	0.989748	1.230738	0.007248	1.208529	0.000015	1.206888	0.000014	1.232106	0.000007	1.223504	0.000006	1.231253	0.000006	1348695620.244260	1.000161	17.723771	4.508475	1.578619	0.461500	0.000842	0.461782	0.000040	0.471012	0.000070	0.456003	0.000115	0.461489	0.000018	0.459134	0.000018	0.460261	0.000018	0.457894	0.000179	
1348695621.243933	1.000000	47.879517	34.639771	2.200790	1.266185	0.990116	1.266185	0.990093	1.230783	0.006930	1.245905	0.000046	1.237341	0.000006	1.229441	0.000006	1.238459	0.000006	1.229794	0.000006	1348695621.244101	0.999841	17.713571	4.496305	1.578803	0.461533	0.000750	0.460934	0.000018	0.455357	0.000100	0.463942	0.000262	0.463318	0.000018	0.463743	0.000018	0.461992	0.000018	0.460412	0.000018	
1348695622.243934	1.000001	47.853378	34.611432	2.219999	1.268206	0.989430	1.268206	0.989451	1.230736	0.007224	1.228386	0.000413	1.228213	0.000134	1.250959	0.000041	1.230690	0.000032	1.230890	0.000030	1348695622.244097	0.999996	17.716640	4.501208	1.581641	0.461518	0.000875	0.461556	0.000091	0.466452	0.000126	0.461537	0.000211	0.461406	0.000382	0.461580	0.000069	0.461629	0.000073	0.461916	0.000063	
1348695623.243928	0.999994	47.898296	34.649300	2.268858	1.268226	0.989550	1.268226	0.989527	1.230780	0.007022	1.230487	0.000048	1.233315	0.000013	1.220255	0.000079	1.230719	0.000087	1.265799	0.000020	1348695623.244100	1.000003	17.798422	4.586991	1.573634	0.472934	0.000914	0.461422	0.000037	0.459962	0.000425	0.556919	0.002790	0.792240	0.000022	0.462202	0.003915	0.542282	0.000030	0.542560	0.000030	
1348695624.243928	1.000000	47.910492	34.656021	2.202545	1.267566	0.989724	1.267566	0.989720	1.230730	0.006924	1.210160	0.000015	1.205881	0.000015	1.231510	0.000007	1.223424	0.000006	1.221292	0.000074	1348695624.244260	1.000160	17.752317	4.543905	1.585241	0.461491	0.001006	0.474255	0.000068	0.640362	0.000051	0.613151	0.000097	0.647359	0.000014	0.624986	0.000014	0.656629	0.000015	0.657035	0.000015	
1348695625.243928	1.000000	47.922028	34.663818	2.205460	1.267585	0.989685	1.267585	0.989677	1.230784	0.007012	1.230151	0.000034	1.239647	0.000006	1.230664	0.000006	1.238215	0.000006	1.231399	0.000006	1348695625.244094	0.999834	17.729123	4.512193	1.573381	0.461512	0.000884	0.458923	0.000333	0.460643	0.000701	0.463483	0.000352	0.460115	0.000018	0.462820	0.000018	0.462447	0.000018	0.461342	0.000018	
1348695626.243928	1.000000	47.913055	34.657761	2.303085	1.268228	0.989434	1.268228	0.989427	1.230737	0.007089	1.223524	0.000041	1.219462	0.000034	1.230280	0.000027	1.228924	0.000026	1.230608	0.000032	1348695626.244100	1.000006	17.720247	4.515354	1.579489	0.462897	0.000860	0.471064	0.000086	0.465880	0.000147	0.458737	0.000238	0.464352	0.000250	0.469076	0.000091	0.461276	0.000068	0.461174	0.000064	
1348695627.243928	1.000000	47.974365	34.714691	2.170624	1.268243	0.989577	1.268243	0.989560	1.230783	0.006982	1.231118	0.000048	1.231114	0.000006	1.232352	0.000007	1.230760	0.000006	1.231711	0.000006	1348695627.244101	1.000001	17.765211	4.536220	1.569151	0.461562	0.000743	0.462031	0.000016	0.456255	0.000123	0.463920	0.000272	0.453998	0.000092	0.457343	0.000181	0.461612	0.000202	0.478646	0.000040	
1348695628.243928	1.000000	48.041855	34.781158	2.104324	1.267570	0.989747	1.267570	0.989734	1.230717	0.006779	1.207556	0.000014	1.208637	0.000014	1.229165	0.000007	1.221916	0.000006	1.229087	0.000006	1348695628.244257	1.000156	17.739391	4.527218	1.578489	0.461512	0.000934	0.463117	0.000035	0.471320	0.000069	0.456844	0.000149	0.462349	0.000018	0.464161	0.000018	0.460326	0.000018	0.457702	0.000178	
1348695629.243928	1.000000	48.111084	34.850098	2.128265	1.268299	0.997218	1.268299	0.997217	1.230821	0.002422	1.246328	0.000043	1.242676	0.000006	1.232197	0.000006	1.246867	0.000006	1.238296	0.000006	1348695629.244089	0.999832	17.724232	4.522016	1.576651	0.456448	0.000649	0.457140	0.000170	0.454617	0.000100	0.464042	0.000264	0.460992	0.000018	0.463104	0.000018	0.461194	0.000018	0.461342	0.000018	
1348695630.243928	1.000000	48.044556	34.792633	2.219437	1.268707	0.994633	1.268707	0.994632	1.230708	0.004572	1.221227	0.000101	1.227650	0.000106	1.251278	0.000040	1.230294	0.000036	1.229662	0.000032	1348695630.244095	1.000006	17.740846	4.525852	1.577383	0.463932	0.000891	0.460546	0.000095	0.466503	0.000140	0.458498	0.000192	0.461785	0.000076	0.471284	0.000072	0.461848	0.000074	0.462310	0.000072	
1348695631.243928	1.000000	48.109726	34.844559	2.101212	1.268726	0.994775	1.268726	0.994772	1.230779	0.004452	1.232321	0.000034	1.236782	0.000006	1.217201	0.000061	1.230715	0.000077	1.279189	0.000014	1348695631.244095	1.000000	17.720718	4.503418	1.589645	0.461551	0.000801	0.466574	0.000018	0.456406	0.000130	0.463983	0.000260	0.461287	0.000266	0.460425	0.000016	0.462061	0.000018	0.459903	0.000018	
1348695632.243928	1.000000	48.164917	34.899475	2.185547	1.268718	0.994765	1.268718	0.994754	1.230710	0.004487	1.228876	0.000237	1.204495	0.000017	1.231707	0.000007	1.230594	0.000006	1.220751	0.000068	1348695632.244093	0.999998	17.730533	4.510232	1.588184	0.461521	0.000926	0.470571	0.000069	0.471175	0.000069	0.456965	0.000144	0.460925	0.000055	0.457069	0.000165	0.461142	0.000018	0.460342	0.000018	
1348695633.243928	1.000000	48.145676	34.878647	2.179733	1.268493	0.992253	1.268493	0.992239	1.230782	0.005654	1.228554	0.000048	1.214642	0.000007	1.216767	0.000007	1.212918	0.000006	1.215613	0.000006	1348695633.244102	1.000009	17.742057	4.525533	1.586244	0.461530	0.000839	0.457651	0.000159	0.458025	0.000191	0.463465	0.000329	0.466280	0.000018	0.461550	0.003784	0.460174	0.000018	0.459744	0.000018	
1348695634.243928	1.000000	48.086319	34.820206	2.180206	1.268225	0.989511	1.268225	0.989493	1.230734	0.007037	1.224236	0.000033	1.224467	0.000035	1.235112	0.000020	1.237791	0.000019	1.235703	0.000026	1348695634.244093	0.999991	17.738045	4.520091	1.566680	0.461568	0.000857	0.460585	0.000077	0.466821	0.000126	0.458763	0.000230	0.464341	0.000229	0.468713	0.000088	0.461625	0.000061	0.461947	0.000061	
1348695635.243928	1.000000	48.525024	35.259232	2.174652	1.268243	0.989626	1.268243	0.989612	1.230902	0.005979	1.230717	0.000038	1.236498	0.000006	1.236579	0.000006	1.230059	0.000006	1.230656	0.000006	1348695635.244085	0.999992	17.729834	4.509192	1.579359	0.461535	0.000797	0.467021	0.000018	0.455616	0.000116	0.463932	0.000258	0.463313	0.000016	0.456272	0.000118	0.461866	0.000202	0.478660	0.000040	
1348695636.243935	1.000007	48.978391	35.712567	2.163330	1.253304	0.993231	1.253304	0.993232	1.230703	0.004904	1.208646	0.000015	1.205052	0.000014	1.223441	0.000007	1.220473	0.000006	1.225844	0.000006	1348695636.244245	1.000160	17.729784	4.513453	1.574608	0.461574	0.000832	0.458809	0.000039	0.471679	0.000069	0.456746	0.000140	0.462130	0.000016	0.457200	0.000018	0.459038	0.000018	0.457646	0.000174	
